0.0
0.011609977324263039
0.023219954648526078
0.034829931972789115
0.046439909297052155
0.058049886621315196
0.06965986394557823
0.08126984126984127
0.09287981859410431
0.10448979591836735
0.11609977324263039
0.12770975056689343
0.13931972789115646
0.1509297052154195
0.16253968253968254
0.17414965986394557
0.18575963718820862
0.19736961451247165
0.2089795918367347
0.22058956916099773
0.23219954648526078
0.2438095238095238
0.25541950113378686
0.26702947845804986
0.2786394557823129
0.29024943310657597
0.301859410430839
0.313469387755102
0.3250793650793651
0.33668934240362813
0.34829931972789113
0.3599092970521542
0.37151927437641724
0.3831292517006803
0.3947392290249433
0.40634920634920635
0.4179591836734694
0.4295691609977324
0.44117913832199546
0.4527891156462585
0.46439909297052157
0.47600907029478456
0.4876190476190476
0.4992290249433107
0.5108390022675737
0.5224489795918368
0.5340589569160997
0.5456689342403628
0.5572789115646258
0.5688888888888889
0.5804988662131519
0.592108843537415
0.603718820861678
0.615328798185941
0.626938775510204
0.6385487528344671
0.6501587301587302
0.6617687074829932
0.6733786848072563
0.6849886621315193
0.6965986394557823
0.7082086167800453
0.7198185941043084
0.7314285714285714
0.7430385487528345
0.7546485260770975
0.7662585034013606
0.7778684807256235
0.7894784580498866
0.8010884353741496
0.8126984126984127
0.8243083900226758
0.8359183673469388
0.8475283446712019
0.8591383219954648
0.8707482993197279
0.8823582766439909
0.893968253968254
0.905578231292517
0.9171882086167801
0.9287981859410431
0.9404081632653061
0.9520181405895691
0.9636281179138322
0.9752380952380952
0.9868480725623583
0.9984580498866213
1.0100680272108844
1.0216780045351475
1.0332879818594105
1.0448979591836736
1.0565079365079366
1.0681179138321995
1.0797278911564625
1.0913378684807256
1.1029478458049886
1.1145578231292517
1.1261678004535147
1.1377777777777778
1.1493877551020408
1.1609977324263039
1.172607709750567
1.18421768707483
1.195827664399093
1.207437641723356
1.2190476190476192
1.230657596371882
1.242267573696145
1.253877551020408
1.2654875283446712
1.2770975056689342
1.2887074829931973
1.3003174603174603
1.3119274376417234
1.3235374149659864
1.3351473922902495
1.3467573696145125
1.3583673469387756
1.3699773242630386
1.3815873015873017
1.3931972789115645
1.4048072562358276
1.4164172335600906
1.4280272108843537
1.4396371882086167
1.4512471655328798
1.4628571428571429
1.474467120181406
1.486077097505669
1.497687074829932
1.509297052154195
1.5209070294784581
1.5325170068027212
1.5441269841269842
1.555736961451247
1.5673469387755101
1.5789569160997732
1.5905668934240362
1.6021768707482993
1.6137868480725623
1.6253968253968254
1.6370068027210884
1.6486167800453515
1.6602267573696146
1.6718367346938776
1.6834467120181407
1.6950566893424037
1.7066666666666668
1.7182766439909296
1.7298866213151927
1.7414965986394557
1.7531065759637188
1.7647165532879818
1.7763265306122449
1.787936507936508
1.799546485260771
1.811156462585034
1.822766439909297
1.8343764172335602
1.8459863945578232
1.8575963718820863
1.8692063492063493
1.8808163265306121
1.8924263038548752
1.9040362811791383
1.9156462585034013
1.9272562358276644
1.9388662131519274
1.9504761904761905
1.9620861678004535
1.9736961451247166
1.9853061224489796
1.9969160997732427
2.0085260770975055
2.020136054421769
2.0317460317460316
2.043356009070295
2.0549659863945577
2.066575963718821
2.078185941043084
2.089795918367347
2.10140589569161
2.1130158730158732
2.124625850340136
2.136235827664399
2.147845804988662
2.159455782312925
2.1710657596371883
2.182675736961451
2.1942857142857144
2.2058956916099772
2.2175056689342405
2.2291156462585033
2.2407256235827666
2.2523356009070294
2.2639455782312927
2.2755555555555556
2.2871655328798184
2.2987755102040817
2.3103854875283445
2.3219954648526078
2.3336054421768706
2.345215419501134
2.3568253968253967
2.36843537414966
2.380045351473923
2.391655328798186
2.403265306122449
2.414875283446712
2.426485260770975
2.4380952380952383
2.449705215419501
2.461315192743764
2.4729251700680273
2.48453514739229
2.4961451247165534
2.507755102040816
2.5193650793650795
2.5309750566893423
2.5425850340136056
2.5541950113378684
2.5658049886621317
2.5774149659863945
2.589024943310658
2.6006349206349206
2.6122448979591835
2.6238548752834467
2.6354648526077096
2.647074829931973
2.6586848072562357
2.670294784580499
2.681904761904762
2.693514739229025
2.705124716553288
2.716734693877551
2.728344671201814
2.7399546485260773
2.75156462585034
2.7631746031746034
2.7747845804988662
2.786394557823129
2.7980045351473923
2.809614512471655
2.8212244897959184
2.8328344671201813
2.8444444444444446
2.8560544217687074
2.8676643990929707
2.8792743764172335
2.8908843537414968
2.9024943310657596
2.914104308390023
2.9257142857142857
2.9373242630385485
2.948934240362812
2.9605442176870747
2.972154195011338
2.9837641723356008
2.995374149659864
3.006984126984127
3.01859410430839
3.030204081632653
3.0418140589569163
3.053424036281179
3.0650340136054424
3.076643990929705
3.0882539682539685
3.0998639455782313
3.111473922902494
3.1230839002267574
3.1346938775510202
3.1463038548752835
3.1579138321995464
3.1695238095238096
3.1811337868480725
3.1927437641723357
3.2043537414965986
3.215963718820862
3.2275736961451247
3.239183673469388
3.250793650793651
3.2624036281179136
3.274013605442177
3.2856235827664397
3.297233560090703
3.308843537414966
3.320453514739229
3.332063492063492
3.3436734693877552
3.355283446712018
3.3668934240362813
3.378503401360544
3.3901133786848074
3.4017233560090703
3.4133333333333336
3.4249433106575964
3.436553287981859
3.4481632653061225
3.4597732426303853
3.4713832199546486
3.4829931972789114
3.4946031746031747
3.5062131519274375
3.517823129251701
3.5294331065759637
3.541043083900227
3.5526530612244898
3.564263038548753
3.575873015873016
3.5874829931972787
3.599092970521542
3.610702947845805
3.622312925170068
3.633922902494331
3.645532879818594
3.657142857142857
3.6687528344671203
3.680362811791383
3.6919727891156464
3.7035827664399092
3.7151927437641725
3.7268027210884354
3.7384126984126986
3.7500226757369615
3.7616326530612243
3.7732426303854876
3.7848526077097504
3.7964625850340137
3.8080725623582765
3.81968253968254
3.8312925170068026
3.842902494331066
3.8545124716553287
3.866122448979592
3.877732426303855
3.889342403628118
3.900952380952381
3.912562358276644
3.924172335600907
3.93578231292517
3.947392290249433
3.959002267573696
3.9706122448979593
3.982222222222222
3.9938321995464854
4.005442176870749
4.017052154195011
4.028662131519274
4.040272108843538
4.051882086167801
4.063492063492063
4.0751020408163265
4.08671201814059
4.098321995464852
4.1099319727891155
4.121541950113379
4.133151927437642
4.144761904761904
4.156371882086168
4.167981859410431
4.179591836734694
4.191201814058957
4.20281179138322
4.214421768707483
4.2260317460317465
4.237641723356009
4.249251700680272
4.260861678004535
4.272471655328798
4.284081632653061
4.295691609977324
4.307301587301588
4.31891156462585
4.330521541950113
4.342131519274377
4.35374149659864
4.365351473922902
4.3769614512471655
4.388571428571429
4.400181405895691
4.4117913832199545
4.423401360544218
4.435011337868481
4.446621315192743
4.458231292517007
4.46984126984127
4.481451247165533
4.493061224489796
4.504671201814059
4.516281179138322
4.527891156462585
4.539501133786848
4.551111111111111
4.562721088435374
4.574331065759637
4.5859410430839
4.597551020408163
4.609160997732427
4.620770975056689
4.632380952380952
4.6439909297052155
4.655600907029479
4.667210884353741
4.6788208616780045
4.690430839002268
4.702040816326531
4.713650793650793
4.725260770975057
4.73687074829932
4.748480725623582
4.760090702947846
4.771700680272109
4.783310657596372
4.794920634920635
4.806530612244898
4.818140589569161
4.829750566893424
4.841360544217687
4.85297052154195
4.864580498866213
4.876190476190477
4.887800453514739
4.899410430839002
4.911020408163266
4.922630385487528
4.934240362811791
4.9458503401360545
4.957460317460318
4.96907029478458
4.9806802721088435
4.992290249433107
5.00390022675737
5.015510204081632
5.027120181405896
5.038730158730159
5.050340136054421
5.061950113378685
5.073560090702948
5.085170068027211
5.0967800453514736
5.108390022675737
5.12
5.131609977324263
5.143219954648526
5.154829931972789
5.166439909297052
5.178049886621316
5.189659863945578
5.201269841269841
5.2128798185941045
5.224489795918367
5.23609977324263
5.2477097505668935
5.259319727891157
5.270929705215419
5.282539682539682
5.294149659863946
5.305759637188209
5.317369614512471
5.328979591836735
5.340589569160998
5.352199546485261
5.363809523809524
5.375419501133787
5.38702947845805
5.3986394557823125
5.410249433106576
5.421859410430839
5.433469387755102
5.445079365079365
5.456689342403628
5.468299319727891
5.479909297052155
5.491519274376417
5.50312925170068
5.5147392290249435
5.526349206349207
5.537959183673469
5.5495691609977325
5.561179138321996
5.572789115646258
5.584399092970521
5.596009070294785
5.607619047619048
5.61922902494331
5.630839002267574
5.642448979591837
5.6540589569161
5.6656689342403626
5.677278911564626
5.688888888888889
5.7004988662131515
5.712108843537415
5.723718820861678
5.735328798185941
5.746938775510204
5.758548752834467
5.77015873015873
5.7817687074829935
5.793378684807256
5.804988662131519
5.8165986394557825
5.828208616780046
5.839818594104308
5.851428571428571
5.863038548752835
5.874648526077097
5.88625850340136
5.897868480725624
5.909478458049887
5.921088435374149
5.932698412698413
5.944308390022676
5.955918367346939
5.9675283446712015
5.979138321995465
5.990748299319728
6.002358276643991
6.013968253968254
6.025578231292517
6.03718820861678
6.048798185941043
6.060408163265306
6.072018140589569
6.0836281179138325
6.095238095238095
6.106848072562358
6.1184580498866215
6.130068027210885
6.141678004535147
6.15328798185941
6.164897959183674
6.176507936507937
6.188117913832199
6.199727891156463
6.211337868480726
6.222947845804988
6.2345578231292516
6.246167800453515
6.257777777777778
6.2693877551020405
6.280997732426304
6.292607709750567
6.30421768707483
6.315827664399093
6.327437641723356
6.339047619047619
6.350657596371882
6.362267573696145
6.373877551020408
6.3854875283446715
6.397097505668934
6.408707482993197
6.42031746031746
6.431927437641724
6.443537414965986
6.455147392290249
6.466757369614513
6.478367346938776
6.489977324263038
6.501587301587302
6.513197278911565
6.524807256235827
6.5364172335600905
6.548027210884354
6.559637188208617
6.5712471655328795
6.582857142857143
6.594467120181406
6.606077097505669
6.617687074829932
6.629297052154195
6.640907029478458
6.6525170068027215
6.664126984126984
6.675736961451247
6.6873469387755105
6.698956916099773
6.710566893424036
6.722176870748299
6.733786848072563
6.745396825396825
6.757006802721088
6.768616780045352
6.780226757369615
6.791836734693877
6.8034467120181406
6.815056689342404
6.826666666666667
6.8382766439909295
6.849886621315193
6.861496598639456
6.873106575963718
6.884716553287982
6.896326530612245
6.907936507936508
6.919546485260771
6.931156462585034
6.942766439909297
6.9543764172335605
6.965986394557823
6.977596371882086
6.989206349206349
7.000816326530612
7.012426303854875
7.024036281179138
7.035646258503402
7.047256235827664
7.058866213151927
7.070476190476191
7.082086167800454
7.093696145124716
7.1053061224489795
7.116916099773243
7.128526077097506
7.1401360544217685
7.151746031746032
7.163356009070295
7.174965986394557
7.186575963718821
7.198185941043084
7.209795918367347
7.22140589569161
7.233015873015873
7.244625850340136
7.2562358276643995
7.267845804988662
7.279455782312925
7.291065759637188
7.302675736961452
7.314285714285714
7.325895691609977
7.337505668934241
7.349115646258503
7.360725623582766
7.3723356009070296
7.383945578231293
7.395555555555555
7.4071655328798185
7.418775510204082
7.430385487528345
7.441995464852607
7.453605442176871
7.465215419501134
7.476825396825397
7.48843537414966
7.500045351473923
7.511655328798186
7.523265306122449
7.534875283446712
7.546485260770975
7.558095238095238
7.569705215419501
7.581315192743764
7.592925170068027
7.604535147392291
7.616145124716553
7.627755102040816
7.63936507936508
7.650975056689342
7.662585034013605
7.6741950113378685
7.685804988662132
7.697414965986394
7.7090249433106575
7.720634920634921
7.732244897959184
7.743854875283446
7.75546485260771
7.767074829931973
7.778684807256236
7.790294784580499
7.801904761904762
7.813514739229025
7.825124716553288
7.836734693877551
7.848344671201814
7.859954648526077
7.87156462585034
7.883174603174603
7.894784580498866
7.90639455782313
7.918004535147392
7.929614512471655
7.9412244897959186
7.952834467120182
7.964444444444444
7.9760544217687075
7.987664399092971
7.999274376417233
8.010884353741497
8.02249433106576
8.034104308390022
8.045714285714286
8.057324263038549
8.068934240362811
8.080544217687075
8.092154195011338
8.103764172335602
8.115374149659864
8.126984126984127
8.13859410430839
8.150204081632653
8.161814058956915
8.17342403628118
8.185034013605442
8.196643990929704
8.208253968253969
8.219863945578231
8.231473922902495
8.243083900226758
8.25469387755102
8.266303854875284
8.277913832199546
8.289523809523809
8.301133786848073
8.312743764172335
8.324353741496598
8.335963718820862
8.347573696145124
8.359183673469389
8.370793650793651
8.382403628117913
8.394013605442177
8.40562358276644
8.417233560090702
8.428843537414966
8.440453514739229
8.452063492063493
8.463673469387755
8.475283446712018
8.486893424036282
8.498503401360544
8.510113378684807
8.52172335600907
8.533333333333333
8.544943310657596
8.55655328798186
8.568163265306122
8.579773242630386
8.591383219954649
8.602993197278911
8.614603174603175
8.626213151927438
8.6378231292517
8.649433106575964
8.661043083900227
8.672653061224489
8.684263038548753
8.695873015873016
8.70748299319728
8.719092970521542
8.730702947845804
8.742312925170069
8.753922902494331
8.765532879818593
8.777142857142858
8.78875283446712
8.800362811791382
8.811972789115647
8.823582766439909
8.835192743764173
8.846802721088435
8.858412698412698
8.870022675736962
8.881632653061224
8.893242630385487
8.904852607709751
8.916462585034013
8.928072562358278
8.93968253968254
8.951292517006802
8.962902494331066
8.974512471655329
8.986122448979591
8.997732426303855
9.009342403628118
9.02095238095238
9.032562358276644
9.044172335600907
9.05578231292517
9.067392290249433
9.079002267573696
9.09061224489796
9.102222222222222
9.113832199546485
9.125442176870749
9.137052154195011
9.148662131519274
9.160272108843538
9.1718820861678
9.183492063492064
9.195102040816327
9.206712018140589
9.218321995464853
9.229931972789116
9.241541950113378
9.253151927437642
9.264761904761905
9.276371882086167
9.287981859410431
9.299591836734693
9.311201814058958
9.32281179138322
9.334421768707482
9.346031746031747
9.357641723356009
9.369251700680271
9.380861678004536
9.392471655328798
9.404081632653062
9.415691609977324
9.427301587301587
9.438911564625851
9.450521541950113
9.462131519274376
9.47374149659864
9.485351473922902
9.496961451247165
9.508571428571429
9.520181405895691
9.531791383219955
9.543401360544218
9.55501133786848
9.566621315192744
9.578231292517007
9.58984126984127
9.601451247165533
9.613061224489796
9.624671201814058
9.636281179138322
9.647891156462585
9.659501133786849
9.671111111111111
9.682721088435374
9.694331065759638
9.7059410430839
9.717551020408163
9.729160997732427
9.740770975056689
9.752380952380953
9.763990929705216
9.775600907029478
9.787210884353742
9.798820861678005
9.810430839002267
9.822040816326531
9.833650793650794
9.845260770975056
9.85687074829932
9.868480725623582
9.880090702947847
9.891700680272109
9.903310657596371
9.914920634920636
9.926530612244898
9.93814058956916
9.949750566893425
9.961360544217687
9.97297052154195
9.984580498866213
9.996190476190476
10.00780045351474
10.019410430839002
10.031020408163265
10.042630385487529
10.054240362811791
10.065850340136054
10.077460317460318
10.08907029478458
10.100680272108843
10.112290249433107
10.12390022675737
10.135510204081633
10.147120181405896
10.158730158730158
10.170340136054422
10.181950113378685
10.193560090702947
10.205170068027211
10.216780045351474
10.228390022675738
10.24
10.251609977324263
10.263219954648527
10.27482993197279
10.286439909297052
10.298049886621316
10.309659863945578
10.32126984126984
10.332879818594105
10.344489795918367
10.356099773242631
10.367709750566894
10.379319727891156
10.39092970521542
10.402539682539683
10.414149659863945
10.425759637188209
10.437369614512471
10.448979591836734
10.460589569160998
10.47219954648526
10.483809523809525
10.495419501133787
10.50702947845805
10.518639455782314
10.530249433106576
10.541859410430838
10.553469387755102
10.565079365079365
10.576689342403627
10.588299319727891
10.599909297052154
10.611519274376418
10.62312925170068
10.634739229024943
10.646349206349207
10.65795918367347
10.669569160997732
10.681179138321996
10.692789115646258
10.704399092970522
10.716009070294785
10.727619047619047
10.739229024943311
10.750839002267574
10.762448979591836
10.7740589569161
10.785668934240363
10.797278911564625
10.80888888888889
10.820498866213152
10.832108843537416
10.843718820861678
10.85532879818594
10.866938775510205
10.878548752834467
10.89015873015873
10.901768707482994
10.913378684807256
10.924988662131518
10.936598639455783
10.948208616780045
10.95981859410431
10.971428571428572
10.983038548752834
10.994648526077098
11.00625850340136
11.017868480725623
11.029478458049887
11.04108843537415
11.052698412698414
11.064308390022676
11.075918367346938
11.087528344671203
11.099138321995465
11.110748299319727
11.122358276643991
11.133968253968254
11.145578231292516
11.15718820861678
11.168798185941043
11.180408163265307
11.19201814058957
11.203628117913832
11.215238095238096
11.226848072562358
11.23845804988662
11.250068027210885
11.261678004535147
11.27328798185941
11.284897959183674
11.296507936507936
11.3081179138322
11.319727891156463
11.331337868480725
11.34294784580499
11.354557823129252
11.366167800453514
11.377777777777778
11.38938775510204
11.400997732426303
11.412607709750567
11.42421768707483
11.435827664399094
11.447437641723356
11.459047619047618
11.470657596371883
11.482267573696145
11.493877551020407
11.505487528344672
11.517097505668934
11.528707482993198
11.54031746031746
11.551927437641723
11.563537414965987
11.57514739229025
11.586757369614512
11.598367346938776
11.609977324263038
11.6215873015873
11.633197278911565
11.644807256235827
11.656417233560092
11.668027210884354
11.679637188208616
11.69124716553288
11.702857142857143
11.714467120181405
11.72607709750567
11.737687074829932
11.749297052154194
11.760907029478458
11.77251700680272
11.784126984126985
11.795736961451247
11.80734693877551
11.818956916099774
11.830566893424036
11.842176870748299
11.853786848072563
11.865396825396825
11.877006802721088
11.888616780045352
11.900226757369614
11.911836734693878
11.92344671201814
11.935056689342403
11.946666666666667
11.95827664399093
11.969886621315192
11.981496598639456
11.993106575963719
12.004716553287983
12.016326530612245
12.027936507936507
12.039546485260772
12.051156462585034
12.062766439909296
12.07437641723356
12.085986394557823
12.097596371882085
12.10920634920635
12.120816326530612
12.132426303854876
12.144036281179138
12.1556462585034
12.167256235827665
12.178866213151927
12.19047619047619
12.202086167800454
12.213696145124716
12.225306122448979
12.236916099773243
12.248526077097505
12.26013605442177
12.271746031746032
12.283356009070294
12.294965986394558
12.30657596371882
12.318185941043083
12.329795918367347
12.34140589569161
12.353015873015874
12.364625850340136
12.376235827664399
12.387845804988663
12.399455782312925
12.411065759637188
12.422675736961452
12.434285714285714
12.445895691609977
12.45750566893424
12.469115646258503
12.480725623582767
12.49233560090703
12.503945578231292
12.515555555555556
12.527165532879819
12.538775510204081
12.550385487528345
12.561995464852608
12.57360544217687
12.585215419501134
12.596825396825396
12.60843537414966
12.620045351473923
12.631655328798185
12.64326530612245
12.654875283446712
12.666485260770974
12.678095238095239
12.689705215419501
12.701315192743763
12.712925170068027
12.72453514739229
12.736145124716554
12.747755102040816
12.759365079365079
12.770975056689343
12.782585034013605
12.794195011337868
12.805804988662132
12.817414965986394
12.829024943310658
12.84063492063492
12.852244897959183
12.863854875283447
12.87546485260771
12.887074829931972
12.898684807256236
12.910294784580499
12.921904761904761
12.933514739229025
12.945124716553288
12.956734693877552
12.968344671201814
12.979954648526077
12.99156462585034
13.003174603174603
13.014784580498866
13.02639455782313
13.038004535147392
13.049614512471654
13.061224489795919
13.072834467120181
13.084444444444445
13.096054421768708
13.10766439909297
13.119274376417234
13.130884353741497
13.142494331065759
13.154104308390023
13.165714285714285
13.177324263038548
13.188934240362812
13.200544217687074
13.212154195011339
13.223764172335601
13.235374149659863
13.246984126984128
13.25859410430839
13.270204081632652
13.281814058956916
13.293424036281179
13.305034013605443
13.316643990929705
13.328253968253968
13.339863945578232
13.351473922902494
13.363083900226757
13.374693877551021
13.386303854875283
13.397913832199546
13.40952380952381
13.421133786848072
13.432743764172336
13.444353741496599
13.455963718820861
13.467573696145125
13.479183673469388
13.49079365079365
13.502403628117914
13.514013605442177
13.525623582766439
13.537233560090703
13.548843537414966
13.56045351473923
13.572063492063492
13.583673469387755
13.595283446712019
13.606893424036281
13.618503401360543
13.630113378684808
13.64172335600907
13.653333333333334
13.664943310657597
13.676553287981859
13.688163265306123
13.699773242630386
13.711383219954648
13.722993197278912
13.734603174603174
13.746213151927437
13.757823129251701
13.769433106575963
13.781043083900228
13.79265306122449
13.804263038548752
13.815873015873017
13.827482993197279
13.839092970521541
13.850702947845805
13.862312925170068
13.87392290249433
13.885532879818594
13.897142857142857
13.908752834467121
13.920362811791383
13.931972789115646
13.94358276643991
13.955192743764172
13.966802721088435
13.978412698412699
13.990022675736961
14.001632653061224
14.013242630385488
14.02485260770975
14.036462585034014
14.048072562358277
14.05968253968254
14.071292517006803
14.082902494331066
14.094512471655328
14.106122448979592
14.117732426303855
14.129342403628119
14.140952380952381
14.152562358276644
14.164172335600908
14.17578231292517
14.187392290249432
14.199002267573697
14.210612244897959
14.222222222222221
14.233832199546486
14.245442176870748
14.257052154195012
14.268662131519275
14.280272108843537
14.291882086167801
14.303492063492063
14.315102040816326
14.32671201814059
14.338321995464852
14.349931972789115
14.361541950113379
14.373151927437641
14.384761904761906
14.396371882086168
14.40798185941043
14.419591836734694
14.431201814058957
14.44281179138322
14.454421768707483
14.466031746031746
14.477641723356008
14.489251700680272
14.500861678004535
14.512471655328799
14.524081632653061
14.535691609977324
14.547301587301588
14.55891156462585
14.570521541950113
14.582131519274377
14.59374149659864
14.605351473922903
14.616961451247166
14.628571428571428
14.640181405895692
14.651791383219955
14.663401360544217
14.675011337868481
14.686621315192744
14.698231292517006
14.70984126984127
14.721451247165533
14.733061224489797
14.744671201814059
14.756281179138321
14.767891156462586
14.779501133786848
14.79111111111111
14.802721088435375
14.814331065759637
14.8259410430839
14.837551020408164
14.849160997732426
14.86077097505669
14.872380952380952
14.883990929705215
14.895600907029479
14.907210884353741
14.918820861678004
14.930430839002268
14.94204081632653
14.953650793650795
14.965260770975057
14.97687074829932
14.988480725623583
