0.0
0.0
0.0
0.0
0.0
0.0
0.0
0.0
0.0
0.0
0.0
0.0
0.0
0.0
0.0
0.0
0.0
0.0
0.0
0.0
0.0
0.0
0.0
0.0
0.0
0.0
0.0
0.0
0.0
0.0
0.0
0.0
14576.922
14575.02
14550.5
14531.952
524.06885
532.14026
529.0032
527.28265
527.0581
525.42584
525.2538
525.51624
525.0769
524.962
524.9256
524.60223
524.5477
524.4245
523.9773
523.7817
523.8802
523.66876
523.7225
523.6608
523.3481
523.30756
523.1869
523.3013
523.27875
523.3576
523.45636
523.441
523.33984
523.4301
523.669
523.9507
524.5908
524.8403
525.1555
525.15967
525.0778
525.30554
524.9314
525.5065
525.0073
524.66583
524.7835
524.2637
524.57465
524.6936
524.58594
524.7181
524.4583
524.2824
524.63074
524.69745
524.9133
525.41626
525.3008
524.9835
524.80493
524.22205
523.47876
532.08136
529.3333
525.7674
524.827
524.4758
523.6248
523.68774
523.8982
524.09705
524.35565
524.59546
524.77466
524.79034
524.81836
524.63885
524.6088
524.55304
524.4779
524.48755
524.48883
524.2528
524.3265
524.20825
524.0042
524.1515
523.6786
523.5937
523.6339
523.4063
523.7984
524.1351
524.31085
524.7132
524.95087
525.0557
525.0925
524.99457
524.8706
524.8021
524.88525
525.2294
525.1298
525.0577
524.7511
524.14545
524.1032
523.86865
523.8351
523.7881
523.7373
523.8352
523.9829
523.98663
523.9837
523.8431
523.604
523.4898
523.4038
523.1284
522.7609
801.7728
792.8309
789.366
789.157
788.85236
787.541
787.9744
787.6125
787.50085
787.5352
787.6067
787.5065
787.09265
787.04663
787.06146
787.10254
787.0478
787.13794
786.906
786.83563
787.44666
787.22107
787.0987
787.314
786.86957
787.4429
787.8853
787.24005
786.822
785.8186
784.5463
785.22815
784.6042
784.96857
785.8667
785.38965
785.8443
786.13586
786.0022
0.0
785.64514
785.35614
786.1628
786.13904
787.0122
786.3729
785.6591
785.93726
786.996
788.5062
788.32263
787.7939
787.9992
788.2084
788.9312
789.51306
789.1226
787.96484
785.83844
788.9301
794.61835
789.94336
789.2753
789.12115
787.765
787.86163
787.4425
786.8115
786.39764
786.00037
785.6826
785.0566
784.8176
784.7246
784.5144
784.8604
784.9308
784.07404
783.6749
783.38416
783.32007
783.9303
784.73596
785.2443
785.75903
786.3848
787.4833
788.88245
788.36664
788.16785
788.71185
789.00745
789.80023
789.4111
787.4357
786.269
785.8458
785.52216
784.81036
784.77466
784.8858
784.9976
785.5509
785.78455
785.8614
786.0702
786.25397
785.98376
785.19183
784.5536
784.14233
784.8933
785.83984
786.7577
786.74603
785.1928
784.5756
784.4518
783.947
889.9562
892.37573
887.31226
885.87823
884.82104
882.3311
882.30835
882.3742
882.3885
882.5843
882.7354
882.7755
883.045
882.9147
882.8296
882.4229
881.92865
881.70013
881.4402
881.9146
881.94684
881.7086
882.0858
882.4451
882.7657
882.4784
881.03784
879.63403
878.47
878.62213
879.2339
879.6583
877.5194
873.8113
873.0244
873.684
877.47
880.28357
881.2219
880.8388
878.6198
875.59265
869.82007
865.40717
862.89264
861.20123
861.14777
858.6988
854.57446
856.0663
860.9065
867.52484
875.55835
878.99506
877.27216
874.7833
872.20746
865.4016
858.87933
870.8988
884.90497
882.83997
883.41077
883.27454
882.79016
883.42944
882.9893
883.15704
883.11115
883.0212
882.1021
880.1775
875.7467
871.2946
868.89734
868.56525
870.6517
871.2278
871.4451
869.6487
866.8939
865.49725
864.52637
866.3688
871.0063
874.1581
875.7171
876.23627
876.4813
877.42084
878.91455
879.69495
878.2496
877.06366
876.8437
876.6882
877.2837
878.00586
878.16785
876.9644
876.1757
876.3663
876.896
878.49457
880.2911
880.20715
877.4053
874.4385
871.724
869.4263
869.2515
870.7231
871.8321
869.95197
858.5171
839.73834
837.78754
848.80963
861.8147
799.4158
797.94855
793.1686
791.1861
789.91223
786.7402
786.7081
786.6223
786.2406
786.1079
785.7346
785.3294
784.9119
784.753
784.76276
785.43994
786.9856
788.28094
790.03546
791.24963
791.44916
791.39044
791.40826
790.4577
789.77045
787.97455
788.69366
788.59
788.5923
789.4439
789.157
789.32733
789.4933
789.71387
789.4009
788.9837
788.61804
788.56854
788.7404
788.2837
789.6662
789.9324
789.854
790.8744
790.0507
789.28326
788.36676
787.4958
786.7573
787.4169
787.3342
787.2647
787.65436
788.3824
789.82336
791.2533
794.0345
795.3345
795.8247
792.7881
790.23444
0.0
790.04865
791.21234
0.0
0.0
0.0
796.6323
793.6631
791.5348
788.6196
0.0
0.0
0.0
787.7125
787.296
787.3441
1154.647
1147.4934
787.8984
786.6298
784.167
783.88617
784.9087
785.5907
786.4719
786.986
786.3099
784.80396
783.303
782.2762
782.56506
783.9766
785.0351
784.8178
783.76166
782.6417
781.8856
782.4356
783.3446
784.02
784.6437
785.0752
785.4309
785.5999
785.7377
785.6716
785.23694
0.0
783.5182
782.99615
782.6991
783.30005
783.222
782.4754
781.88074
781.81964
782.5867
781.816
707.049
707.5374
704.1861
702.87787
701.9807
700.0892
700.6207
700.7651
700.80853
700.672
700.4961
700.4784
700.10406
700.14777
700.2836
700.49115
700.7304
700.8628
701.03424
700.9807
701.07697
701.13367
701.02734
700.95013
700.52167
699.48254
699.4886
699.32416
699.6993
699.9685
699.8103
700.00586
699.8646
700.10205
700.30817
700.10767
700.05994
700.11383
700.07935
700.8412
701.57117
702.95416
705.9505
707.0856
706.4279
706.5626
704.53815
704.5154
704.24255
703.59985
702.7559
701.4803
700.4542
700.33636
701.1146
702.7152
703.4164
702.7447
701.4773
711.47296
705.1892
703.37213
702.9042
701.9736
701.2594
701.57745
701.64856
701.5397
701.91943
701.42926
701.0728
700.7867
700.4054
700.20544
700.0807
699.63696
699.37213
699.14484
699.08813
699.4386
699.6837
699.82465
699.48
698.4797
697.9036
698.4568
699.1441
700.0833
701.15137
701.73816
701.82166
701.74585
701.44946
701.3574
701.1691
701.43835
701.72485
701.37836
702.021
701.8063
701.0225
700.6614
699.27045
697.92126
697.1309
696.35156
696.2901
696.7444
697.5621
698.4733
699.1575
699.55383
700.3145
701.0035
701.5407
702.44006
702.7681
702.4846
702.4136
677.96234
672.736
669.6442
668.0945
665.1456
663.0519
663.41766
663.5617
663.11163
662.66046
662.66614
661.96124
662.19995
661.3586
661.14435
661.04205
660.45514
660.5322
660.60693
660.4766
660.5271
660.78375
660.49744
660.81854
660.4312
661.15015
661.19965
661.0593
661.4776
660.6085
661.0368
660.9108
661.0026
661.19037
660.8175
661.2177
660.93933
661.935
661.6215
662.71704
663.08466
662.5455
663.0907
661.67175
661.3877
660.779
660.6784
660.81903
660.5701
660.64246
660.6286
660.86707
660.57635
660.75446
661.1191
660.97723
661.662
661.78796
662.27014
666.90485
665.4514
663.5676
662.83984
662.2184
661.4568
661.53546
661.4774
661.2434
661.03644
660.7212
660.6472
660.4393
660.2526
660.14545
660.03015
660.19086
660.26263
660.5964
660.8638
660.6974
660.7762
660.8885
660.7619
660.46545
660.8514
660.7082
660.91345
661.3085
661.0167
661.2449
660.79877
660.5632
660.03
659.4469
659.06445
658.9781
659.1681
659.3261
660.451
660.6787
660.77094
660.896
660.5947
660.866
660.7262
660.96063
660.8266
660.75494
661.6762
661.98334
661.4305
660.56116
660.3005
660.2825
660.21344
660.195
659.66406
659.35626
594.6492
595.67706
593.38983
592.11584
591.5315
590.072
589.6833
590.07935
590.0636
589.99713
589.78485
589.5557
589.4849
589.3146
589.1181
588.7964
588.5786
588.2698
588.0461
588.06824
588.25867
588.4361
588.6753
588.6391
588.51886
588.52734
588.7739
589.6838
590.68445
590.93805
591.3948
591.05566
590.6627
590.71674
590.4343
590.16016
589.6275
589.51697
589.6489
590.56464
590.70667
590.58844
590.4509
589.19574
589.20795
589.1101
588.85956
588.86554
588.73486
588.7941
588.8239
588.9263
588.7828
588.6813
588.49835
588.3217
588.2169
588.2983
588.6409
592.2545
593.8349
591.94037
590.75745
589.94037
588.9817
588.5855
588.7656
588.9711
589.2483
589.2265
589.2437
589.1907
589.2521
589.1943
589.0272
589.12274
588.8879
588.84924
588.5793
587.9688
587.47284
587.2819
587.4793
588.02106
587.65826
587.64014
587.99786
588.08826
588.88
589.40045
589.37317
589.4932
589.64246
589.6202
589.5353
589.29694
589.1692
589.0876
589.4498
590.03094
590.31696
590.50635
589.96826
589.0253
588.4162
587.89417
587.7237
587.607
587.4399
587.3303
586.9217
586.4435
586.1463
586.0994
586.3408
586.5582
586.9427
587.3956
587.33466
572.3025
547.12476
537.8112
531.7236
529.58813
526.96875
526.56256
526.4304
525.85913
525.7243
527.011
528.52594
529.4126
530.5607
531.48425
532.36346
533.0088
533.45233
533.9144
533.2831
532.91296
532.3997
530.4991
528.8989
528.53925
528.652
528.5036
527.48566
527.62634
527.8913
526.6744
526.6806
526.4049
526.3071
526.3935
525.44415
525.63153
525.80133
525.5948
524.8982
525.2268
525.79736
525.38776
525.8899
527.06555
527.17596
526.84625
526.8977
526.3299
526.30414
526.5497
526.138
525.9315
525.8656
525.6824
525.6544
525.33813
524.71155
525.1476
525.8732
525.81714
525.52484
525.78564
526.40265
526.4739
525.92566
526.23114
527.2316
526.66113
527.8956
528.9246
527.0233
526.1985
525.87146
525.6735
525.659
525.6364
525.6938
525.17706
524.7804
524.9851
524.9219
525.14075
525.8959
525.6748
524.6665
523.5404
522.7943
522.31177
522.09717
522.2843
522.4346
522.75085
523.2623
0.0
0.0
0.0
0.0
524.164
524.68713
524.915
524.40643
524.2033
524.4019
0.0
523.12427
523.8042
524.0403
524.5703
524.9639
524.00793
523.0324
522.3202
0.0
0.0
523.21655
523.7267
524.35547
525.1333
799.77655
798.5684
795.1751
793.08215
791.6467
787.64435
787.426
787.5582
787.0058
786.4639
785.47095
784.843
783.9058
784.0501
784.4664
784.634
785.29395
785.5717
785.5163
785.91144
785.897
785.77167
786.0889
786.2957
786.5246
786.4401
786.76215
786.1253
785.87286
786.95844
786.32
786.4067
785.76886
786.1976
786.75104
786.7588
786.7056
786.01624
786.27344
789.1022
793.5487
791.787
791.30817
789.2263
786.8348
786.8263
785.07935
785.1468
784.78845
786.89276
787.5454
787.12866
787.6504
787.48083
787.62366
788.5228
789.59686
788.9083
787.6714
783.68207
795.757
790.18555
788.90326
788.36725
786.43634
786.3676
786.4612
786.4079
786.33606
786.3641
786.08954
785.6403
785.3571
785.273
785.3053
785.68713
786.2243
786.10834
786.17755
785.8536
785.66364
785.9341
786.03625
786.3006
786.6461
786.06915
785.9149
785.5021
785.8525
787.58
787.0472
789.05566
789.01013
787.6013
787.07947
785.0199
785.04156
786.24066
786.3577
786.45386
786.5868
784.3
783.0816
783.86865
782.91223
782.64606
783.0671
784.0027
784.7009
785.4542
784.8281
784.44995
784.3206
784.0291
784.4287
785.3414
785.8005
785.57465
784.9658
704.01483
705.4166
702.8611
702.2227
701.9479
700.1222
700.198
699.8048
699.88184
700.0671
700.01337
700.7167
700.4802
700.75946
701.2346
701.2901
701.6364
701.9072
701.81793
702.0299
702.01526
702.0879
702.1355
701.5734
700.92285
700.4885
700.2918
700.3212
700.5056
700.2859
700.14636
700.1555
700.1821
700.2628
700.4087
700.36035
700.2946
700.48285
700.6748
701.44885
701.6363
701.9358
702.9024
701.9389
701.7033
701.27716
700.8233
700.3687
700.34894
700.3223
700.5034
700.84576
701.6151
703.1928
704.7244
707.0759
707.4824
705.5168
703.5771
698.889
704.6846
704.9489
703.2157
702.5915
701.8471
699.7777
700.1691
700.0459
699.8601
699.9966
699.83307
700.3141
700.3093
700.88715
701.48566
701.6568
701.76154
702.0928
701.62854
701.7001
701.92596
702.1151
702.3875
702.01074
700.86444
699.53375
699.40094
699.1997
700.13135
700.59143
700.90204
701.6256
701.3123
702.2224
701.6025
700.57367
701.19824
701.5604
701.9741
701.3555
700.3301
699.3028
699.02875
698.793
698.7915
699.0316
698.4397
698.25146
697.6937
697.40454
697.65436
697.3755
697.4111
697.20105
696.90576
697.5133
698.72485
699.11523
698.7567
673.50824
666.31067
664.22546
663.1639
662.4611
662.02045
662.33496
662.5989
661.90405
662.0717
661.67145
661.61743
661.5946
661.1153
661.1883
661.09204
661.05383
661.27655
661.7458
661.5724
662.0795
662.20953
661.6715
662.5129
661.1211
661.17426
661.64215
660.4449
661.1574
660.85266
660.4605
660.47174
661.20764
660.6288
662.06586
662.17065
662.46295
663.57965
661.615
662.1481
660.6864
661.78033
661.3517
662.71716
662.47095
662.4019
662.98944
662.86975
663.7026
662.30066
663.8465
663.0046
663.7679
664.78986
664.1514
665.95825
665.0046
666.97473
667.9198
670.117
666.6567
664.3592
663.2562
662.597
661.58606
661.58356
661.59485
